XXX -67 -36
XXX -67 -26
XXX -73 -28
XXX -80 -28
XXX -69 -28
XXX -84 -50
XXX -84 -50
XXX -80 -50
XXX -80 -28
XXX -68 -28
XXX -79 -28
XXX -79 -44
XXX -79 -32
XXX -75 -32
XXX -66 -32
XXX -66 XXX
XXX -66 -42
XXX -76 -42
XXX -76 -28
XXX -70 -40
XXX -70 -32
XXX -71 -32
XXX -71 -42
XXX -76 -38
XXX -76 -42
-89 -72 -42
-89 -74 -42
-89 -74 -36
-89 -74 -36
-89 -70 -30
-89 -74 -36
-89 -78 -42
-89 -73 -42
-88 -73 -42
-88 -77 -42
-88 -74 -44
-88 -77 -44
-86 -77 -28
-88 -72 -28
-87 -72 -26
-87 -76 -24
-87 -81 -24
-89 -79 -24
-89 -73 -24
-89 -73 -28
-86 -73 -28
-86 -73 -28
-86 -71 -28
-90 -68 -36
-90 -79 -36
-90 -72 -36
-87 -74 -36
-87 -74 -34
-87 -82 -34
-87 -82 -42
XXX -56 XXX
XXX -53 -60
-82 -53 -60
-82 -51 -60
-82 -65 -60
-82 -65 XXX
XXX -65 XXX
XXX -55 XXX
-81 -55 XXX
-81 -60 -52
-81 -65 -52
-81 -51 -68
-81 -50 -58
XXX -50 -58
XXX -57 -58
XXX -63 -58
XXX -62 XXX
XXX -54 XXX
-84 -79 XXX
-84 -63 XXX
-84 -53 XXX
XXX -53 XXX
XXX -51 XXX
-85 -51 XXX
-85 -51 -64
-85 -54 -64
-85 -54 -64
-85 -68 -64
-85 -54 -56
-88 -54 -56
-88 -55 -56
-90 -55 -56
-90 -52 -56
-90 -52 XXX
-86 -53 XXX
-86 -49 XXX
-87 -70 -60
XXX -78 -66
XXX -74 -66
XXX -74 -66
XXX -79 -66
XXX -79 -66
XXX -75 XXX
XXX -84 -68
XXX -70 -68
XXX -72 -72
XXX -70 -72
XXX -70 -74
XXX -72 -74
-88 -73 -74
-88 -73 XXX
-88 -74 XXX
-88 -74 -64
-88 -80 -64
-88 -80 -68
-88 -75 -68
-88 -76 -68
XXX -69 -68
XXX -69 -66
XXX -78 -66
XXX -78 -70
XXX -71 -66
XXX -70 -66
XXX -77 -66
XXX -77 -68
XXX -77 -68
XXX -81 -68
XXX -71 -68
XXX -71 -70
XXX -71 -72
XXX -72 -72
XXX -68 -72
XXX -68 XXX
