-87 -71 -66
-87 -63 -66
-87 -50 -66
-87 -50 -62
-78 -50 -56
-81 -50 -66
-81 -50 -60
-81 -50 -64
-81 XXX -60
XXX -50 -60
XXX -53 XXX
-80 -53 XXX
-80 -57 XXX
-80 -51 XXX
-80 -68 -74
-80 -63 -74
-80 -66 -74
-80 -76 -74
-80 -68 -74
-80 -64 -74
-80 -64 -78
-80 -65 -60
-80 -64 -76
XXX -64 -76
XXX -62 -76
XXX -63 -76
XXX -66 -68
XXX -64 -74
XXX -64 -72
XXX -65 -72
XXX -65 -66
XXX -62 -66
XXX -62 -74
XXX -61 -76
XXX -61 -76
XXX -61 XXX
-80 -61 XXX
-80 -69 -76
-80 -59 -76
-80 -57 -76
XXX -57 -76
XXX -62 XXX
XXX -60 XXX
XXX -60 -78
XXX -58 -78
XXX -56 -80
XXX -56 -78
XXX -68 -78
XXX -70 -78
XXX -70 XXX
XXX -60 XXX
XXX -57 XXX
XXX -63 XXX
XXX XXX XXX
XXX -57 XXX
XXX -66 XXX
XXX -59 -78
XXX -57 -78
XXX -54 -78
XXX -54 -80
XXX -79 -80
XXX -57 XXX
XXX -80 XXX
XXX -79 XXX
XXX -78 XXX
XXX -57 -78
XXX -59 -80
XXX -59 -80
XXX -56 -80
XXX -75 -80
XXX -76 -80
XXX -77 -80
XXX -77 -78
XXX -58 -78
XXX -56 -78
XXX -81 -78
XXX -81 -82
XXX -58 -82
XXX -59 -82
XXX -67 -84
XXX -67 -78
XXX -68 -78
XXX -84 -82
XXX -69 -82
XXX -70 -80
XXX -68 -82
XXX -68 -74
XXX -68 -74
XXX -68 -74
XXX -68 -80
XXX -71 -80
XXX -71 -82
XXX -83 -82
XXX -75 -82
XXX -68 -82
XXX -83 -82
XXX -69 -82
XXX -69 XXX
XXX -67 XXX
XXX -67 -80
XXX -68 -80
XXX -67 -80
-66 -34 -66
-82 -34 -66
-82 -34 -66
-68 -34 -66
-68 -36 -66
-68 -34 -66
-68 -34 -66
XXX -34 -66
XXX -34 XXX
XXX XXX XXX
-81 XXX XXX
-81 XXX -76
-81 -39 -76
-81 -39 -64
-81 -53 -64
-75 -53 -64
-74 -38 -68
-74 -38 -68
-74 -41 -68
-74 -47 -68
-74 -35 -72
-67 -37 -70
-67 -41 -70
-67 -41 -70
-67 -40 -70
